numJoints <7>
gravity <0.000000000000000000000000000000 0.000000000000000000000000000000 -9.810000000000000497379915032070>
twist 0 <0 0 1 0 0 0>
twist 1 <0 0 1 0 0 0>
twist 2 <0 0 1 0 0 0>
twist 3 <0 0 1 0 0 0>
twist 4 <0 0 1 0 0 0>
twist 5 <0 0 1 0 0 0>
twist 6 <0 0 1 0 0 0>
inertia 0 <1.377299999999999968736119626556 0.012130140316820799822883358843 0.000000671690244399999913829484 -0.000000323890743999999863780154 0.000000671690244399999913829484 0.012243201814671700322634251279 -0.000599165376991999927905330203 -0.000000323890743999999863780154 -0.000599165376991999711064895706 0.001556939959332499963384766062 0.000000000000000000000000000000 0.101038727999999994322521956747 -0.014274337199999998990196381499 -0.101038727999999994322521956747 0.000000000000000000000000000000 0.000031677899999999997011045083 0.014274337199999998990196381499 -0.000031677899999999997011045083 0.000000000000000000000000000000>
inertia 1 <1.163599999999999967670305522915 0.022831611687502400415139547363 -0.000000098336671999999593395472 -0.000000679812355199999901043029 -0.000000098336671999998746362525 0.001277151081191999978936557625 -0.002229538962064000172380584530 -0.000000679812355199999901043029 -0.002229538962064000172380584530 0.022793465111769599384938800313 0.000000000000000000000000000000 0.015450280799999998801452782971 -0.115871288000000002837985846327 -0.015450280799999998801452782971 0.000000000000000000000000000000 0.000051198399999999994174765261 0.115871288000000002837985846327 -0.000051198399999999994174765261 0.000000000000000000000000000000>
inertia 2 <1.163599999999999967670305522915 0.027155640247762000138997962040 -0.000000340008574399999980911570 -0.000013035881772799999263161286 -0.000000340008574399999980911570 0.027299324388159997012426316587 -0.000305006610299199984286111498 -0.000013035881772799999263161286 -0.000305006610299199984286111498 0.001094320365061199991016382960 0.000000000000000000000000000000 0.137179131199999998491634300990 -0.007727467600000000221005524992 -0.137179131199999998491634300990 0.000000000000000000000000000000 0.000051198399999999994174765261 0.007727467600000000221005524992 -0.000051198399999999994174765261 0.000000000000000000000000000000>
inertia 3 <0.930200000000000026822988274944 0.013655745345303999319086507569 -0.000002263773440800000211062856 -0.000000251254461600000035755335 -0.000002263773440800000211062856 0.000840462770872000067279294910 -0.001553565791813600171361597901 -0.000000251254461599999982815776 -0.001553565791813599954521163404 0.013615283177201599473793436346 0.000000000000000000000000000000 0.013958581200000000355210261205 -0.070209635600000000477116657294 -0.013958581200000000355210261205 0.000000000000000000000000000000 0.000016743600000000000084694751 0.070209635600000000477116657294 -0.000016743600000000000084694751 0.000000000000000000000000000000>
inertia 4 <0.678100000000000036060043839825 0.004423677212245300319204410755 0.000000006395839199999999032985 0.000000043319062299999997344341 0.000000006395839199999999860166 0.004374351657589000026693515366 -0.000152585395613599988495073800 0.000000043319062299999997344341 -0.000152585395613599934284965176 0.000459325556012499995692938137 0.000000000000000000000000000000 0.043319062300000002463384873863 -0.006395839199999999585832810567 -0.043319062300000002463384873863 0.000000000000000000000000000000 -0.000000678100000000000017066177 0.006395839199999999585832810567 0.000000678100000000000017066177 0.000000000000000000000000000000>
inertia 5 <0.678100000000000036060043839825 0.003106934067520900327047383982 0.000000030842022300000004621856 0.000000006543665000000000481002 0.000000030842022300000004621856 0.000473146367928100014359216186 -0.000575625515195000016059612147 0.000000006543665000000000481002 -0.000575625515195000016059612147 0.003043787700949000286920753666 0.000000000000000000000000000000 0.006543665000000000592228488472 -0.030842022300000004192410685278 -0.006543665000000000592228488472 0.000000000000000000000000000000 -0.000000678100000000000017066177 0.030842022300000004192410685278 0.000000678100000000000017066177 0.000000000000000000000000000000>
inertia 6 <3.500000000000000000000000000000 0.015916218566334325995592635650 0.000001914547880000000093124110 0.000008463496695459001991040764 0.000001914547879999999669607636 0.012527858380078625913367496025 -0.005790608821349408665002389540 0.000008463496695459001991040764 -0.005790608821349409532364127529 0.004198449433744299956472456614 0.000000000000000000000000000000 0.199460764900000309118865970959 -0.089266999999999999126920613435 -0.199460764900000281363290355330 0.000000000000000000000000000000 -0.000161229999999999999617944502 0.089266999999999999126920613435 0.000161229999999999999617944502 0.000000000000000000000000000000>
Xtree 0 <1.000000000000000000000000000000 -0.000000000000000000000000000000 -0.000000000000000002762900000000 0.000000000000000000000000000000 -1.000000000000000000000000000000 0.000000000000000122464679914735 -0.000000000000000002762900000000 -0.000000000000000122464679914735 -1.000000000000000000000000000000 0.000000000000000000000000000000 -0.000000000000000000000000000000 0.156430000000000013482548411048>
Xtree 1 <1.000000000000000000000000000000 -0.000000000000000111020000000000 -0.000000000000000021343000000000 0.000000000000000021343000000000 0.000000000000000061232339957368 1.000000000000000000000000000000 -0.000000000000000111020000000000 -1.000000000000000000000000000000 0.000000000000000061232339957368 -0.000000000000000000000000000000 0.005374999999999999569788577958 -0.128379999999999994120258861585>
Xtree 2 <1.000000000000000000000000000000 -0.000000000000000291220000000000 -0.000000000000000000000000000000 0.000000000000000000000000000000 0.000000000000000061232339957368 -1.000000000000000000000000000000 0.000000000000000291220000000000 1.000000000000000000000000000000 0.000000000000000061232339957368 0.000000000000000000000000000000 -0.210380000000000011439738045738 -0.006374999999999999590605259669>
Xtree 3 <1.000000000000000000000000000000 -0.000000000000000166530000000000 0.000000000000000066954000000000 -0.000000000000000066954000000000 0.000000000000000061232339957368 1.000000000000000000000000000000 -0.000000000000000166530000000000 -1.000000000000000000000000000000 0.000000000000000061232339957368 0.000000000000000000000000000000 0.006374999999999999590605259669 -0.210380000000000011439738045738>
Xtree 4 <1.000000000000000000000000000000 -0.000000000000000063730000000000 -0.000000000000000222040000000000 -0.000000000000000222040000000000 0.000000000000000061232339957368 -1.000000000000000000000000000000 0.000000000000000063730000000000 1.000000000000000000000000000000 0.000000000000000061232339957368 0.000000000000000000000000000000 -0.208430000000000004156675004197 -0.006374999999999999590605259669>
Xtree 5 <1.000000000000000000000000000000 -0.000000000000008215700000000000 -0.000000000000000000000000000921 0.000000000000000000000000000921 0.000000000000000061232339957368 1.000000000000000000000000000000 -0.000000000000008215700000000000 -1.000000000000000000000000000000 0.000000000000000061232339957368 -0.000000000000000000000000000000 0.000175049999999999999437255704 -0.105929999999999996385113831820>
Xtree 6 <1.000000000000000000000000000000 0.000000000000000096396000000000 0.000000000000000055511000000000 0.000000000000000055511000000000 0.000000000000000061232339957368 -1.000000000000000000000000000000 -0.000000000000000096396000000000 1.000000000000000000000000000000 0.000000000000000061232339957368 0.000000000000000000000000000000 -0.105929999999999996385113831820 -0.000175049999999999999437255704>
parent <-1 0 1 2 3 4 5>
CoM 0 <-0.000023000000000 -0.010364000000000 -0.073360000000000>
CoM 1 <-0.000044000000000 -0.099580000000000 -0.013278000000000>
CoM 2 <-0.000044000000000 -0.006641000000000 -0.117892000000000>
CoM 3 <-0.000018000000000 -0.075478000000000 -0.015006000000000>
CoM 4 <0.000001000000000 -0.009432000000000 -0.063883000000000>
CoM 5 <0.000001000000000 -0.045483000000000 -0.009650000000000>
CoM 6 <0.000046065714286 -0.025504857142857 -0.056988789971429>
transI <8.02999999999999936 11.99620246153036440 9.00254278617515169 11.58064393167063599 8.46650409179141228 8.85370693737424297 8.85873036646853151>
friction <0.52173831012882843 0.57695790599272878 0.42133979464187782 0.49455153765667320 0.16110705026613545 0.13334911855141302 0.14344401817173699>
damping <10.50000000000000000 7.40648458172307222 9.97276334081728599 8.26679508225039150 8.85722490265281515 8.71108315693328450 8.88819036383069339>
